41,6
4294967278,313
4294967278,312
29,8
29,7
46,6
46,5
46,4
46,3
46,2
46,1
4294967278,311
4294967294,488
45,5
45,4
45,3
45,2
45,1
4294967278,310
44,7
44,6
44,5
44,4
44,3
44,2
44,1
4294967278,309
43,7
43,6
43,5
43,4
43,3
43,2
43,1
4294967278,308
4294967294,487
4294967294,486
4294967294,1438
42,5
42,4
42,3
42,2
42,1
4294967278,307
41,5
41,4
41,3
41,2
41,1
4294967278,306
40,6
40,5
40,4
40,3
40,2
40,1
4294967279,318
39,5
39,4
39,3
39,2
39,1
4294967294,1437
4294967294,485
38,7
38,6
38,5
38,4
38,3
38,2
38,1
37,5
37,4
37,3
37,2
37,1
4294967279,317
4294967294,484
36,6
36,5
36,4
36,3
36,2
36,1
4294967294,1436
4294967294,1423
35,6
35,5
35,4
35,3
35,2
35,1
4294967294,1435
4294967294,419
34,5
34,4
34,3
34,2
34,1
4294967279,316
33,6
33,5
33,4
33,3
33,2
33,1
4294967278,305
4294967279,315
4294967278,304
4294967279,314
4294967278,303
32,6
4294967279,313
32,5
4294967278,302
32,4
4294967279,312
32,3
32,2
32,1
4294967279,311
4294967278,301
4294967294,1434
4294967294,1421
4294967294,483
4294967294,482
4294967279,310
4294967278,300
4294967279,309
31,6
4294967278,299
31,5
4294967279,308
31,4
31,3
31,2
31,1
4294967278,298
4294967279,307
4294967278,297
30,7
30,6
4294967278,296
30,5
30,4
30,3
30,2
30,1
4294967278,295
4294967294,1433
29,6
29,5
29,4
29,3
29,2
29,1
4294967294,481
28,5
28,4
28,3
28,2
28,1
4294967294,480
27,5
27,4
27,3
27,2
27,1
26,5
26,4
26,3
26,2
26,1
25,5
25,4
25,3
25,2
25,1
4294967294,479
24,8
24,7
24,6
24,5
24,4
24,3
24,2
24,1
4294967278,294
23,7
23,6
23,5
23,4
23,3
23,2
23,1
4294967278,293
4294967294,478
22,6
22,5
22,4
22,3
22,2
22,1
4294967279,306
21,5
21,4
21,3
21,2
21,1
4294967279,305
4294967294,1432
4294967294,1431
4294967294,248
20,6
20,5
20,4
20,3
20,2
20,1
4294967279,304
4294967294,477
19,5
19,4
19,3
19,2
19,1
4294967279,303
18,6
18,5
18,4
18,3
18,2
18,1
4294967278,292
4294967294,1430
4294967294,1429
17,6
17,5
17,4
17,3
17,2
17,1
4294967279,302
4294967294,476
4294967294,1428
16,7
16,6
16,5
16,4
16,3
16,2
16,1
4294967279,301
15,6
15,5
15,4
15,3
15,2
15,1
4294967278,291
14,6
14,5
14,4
14,3
14,2
14,1
4294967279,300
13,7
13,6
13,5
13,4
13,3
13,2
13,1
4294967279,299
4294967294,1427
4294967294,1426
12,5
12,4
12,3
12,2
12,1
4294967279,298
4294967294,475
11,5
11,4
11,3
11,2
11,1
4294967279,297
10,5
10,4
10,3
10,2
10,1
4294967279,296
4294967294,1425
4294967294,221
9,6
9,5
9,4
9,3
9,2
9,1
4294967278,290
8,6
8,5
8,4
8,3
8,2
8,1
4294967279,295
4294967294,474
4294967294,270
7,4
7,3
7,2
7,1
6,5
4294967279,294
6,4
6,3
6,2
6,1
4294967279,293
5,4
4294967279,292
5,3
5,2
5,1
4294967294,1424
4294967294,439
4,8
4,7
4,6
4,5
4,4
4,3
4,2
4,1
4294967278,289
4294967279,291
4294967294,473
3,8
3,7
3,6
3,5
3,4
3,3
3,2
3,1
4294967294,1422
4294967294,429
2,5
2,4
2,3
2,2
2,1
4294967294,472
4294967279,281
4294967278,288
4294967279,280
4294967278,287
4294967293,131
4294967293,130
4294967293,129
4294967293,128
4294967293,127
4294967293,126
4294967293,125
4294967293,124
4294967293,123
4294967293,122
4294967293,121
4294967293,120
4294967293,119
4294967293,118
4294967293,117
4294967293,116
4294967293,115
4294967293,114
4294967293,113
4294967293,112
4294967293,111
4294967293,110
4294967293,109
4294967293,108
4294967293,107
4294967293,106
4294967293,105
4294967293,104
4294967293,103
4294967293,102
4294967293,101
4294967293,100
